解析成功！
总链接数: 42
总关节数: 41
================================================================================
各关节坐标系到base_link的变换矩阵：
================================================================================
关节名称: left_hip_pitch_joint
子链接: left_hip_pitch_link
变换矩阵:
[[1.        0.        0.        0.017007 ]
 [0.        1.        0.        0.1283   ]
 [0.        0.        1.        0.0081917]
 [0.        0.        0.        1.       ]]
--------------------------------------------------------------------------------
关节名称: left_hip_roll_joint
子链接: left_hip_roll_link
变换矩阵:
[[ 1.         0.         0.         0.007007 ]
 [ 0.         1.         0.         0.1299596]
 [ 0.         0.         1.        -0.08385  ]
 [ 0.         0.         0.         1.       ]]
--------------------------------------------------------------------------------
关节名称: left_hip_yaw_joint
子链接: left_hip_yaw_link
变换矩阵:
[[ 1.         0.         0.         0.007007 ]
 [ 0.         1.         0.         0.1299596]
 [ 0.         0.         1.        -0.26125  ]
 [ 0.         0.         0.         1.       ]]
--------------------------------------------------------------------------------
关节名称: left_knee_joint
子链接: left_knee_link
变换矩阵:
[[ 1.         0.         0.         0.007007 ]
 [ 0.         1.         0.         0.1299596]
 [ 0.         0.         1.        -0.45885  ]
 [ 0.         0.         0.         1.       ]]
--------------------------------------------------------------------------------
关节名称: left_ankle_pitch_joint
子链接: left_ankle_pitch_link
变换矩阵:
[[ 1.         0.         0.         0.007007 ]
 [ 0.         1.         0.         0.1299596]
 [ 0.         0.         1.        -0.84385  ]
 [ 0.         0.         0.         1.       ]]
--------------------------------------------------------------------------------
关节名称: left_ankle_roll_joint
子链接: left_ankle_roll_link
变换矩阵:
[[ 1.         0.         0.         0.007007 ]
 [ 0.         1.         0.         0.1299596]
 [ 0.         0.         1.        -0.84385  ]
 [ 0.         0.         0.         1.       ]]
--------------------------------------------------------------------------------
关节名称: contact_foot_center_joint_L
子链接: contact_foot_center_L
变换矩阵:
[[ 1.         0.         0.         0.007007 ]
 [ 0.         1.         0.         0.1299596]
 [ 0.         0.         1.        -0.90635  ]
 [ 0.         0.         0.         1.       ]]
--------------------------------------------------------------------------------
关节名称: contact_foot_heel_joint_L
子链接: contact_foot_heel_L
变换矩阵:
[[ 1.         0.         0.        -0.098993 ]
 [ 0.         1.         0.         0.1299596]
 [ 0.         0.         1.        -0.90635  ]
 [ 0.         0.         0.         1.       ]]
--------------------------------------------------------------------------------
关节名称: contact_foot_tip_joint_L
子链接: contact_foot_tip_L
变换矩阵:
[[ 1.         0.         0.         0.161007 ]
 [ 0.         1.         0.         0.1299596]
 [ 0.         0.         1.        -0.90635  ]
 [ 0.         0.         0.         1.       ]]
--------------------------------------------------------------------------------
关节名称: right_hip_pitch_joint
子链接: right_hip_pitch_link
变换矩阵:
[[ 1.         0.         0.         0.017007 ]
 [ 0.         1.         0.        -0.1283   ]
 [ 0.         0.         1.         0.0081917]
 [ 0.         0.         0.         1.       ]]
--------------------------------------------------------------------------------
关节名称: right_hip_roll_joint
子链接: right_hip_roll_link
变换矩阵:
[[ 1.         0.         0.         0.007007 ]
 [ 0.         1.         0.        -0.1299596]
 [ 0.         0.         1.        -0.08385  ]
 [ 0.         0.         0.         1.       ]]
--------------------------------------------------------------------------------
关节名称: right_hip_yaw_joint
子链接: right_hip_yaw_link
变换矩阵:
[[ 1.         0.         0.         0.007007 ]
 [ 0.         1.         0.        -0.1299596]
 [ 0.         0.         1.        -0.26125  ]
 [ 0.         0.         0.         1.       ]]
--------------------------------------------------------------------------------
关节名称: right_knee_joint
子链接: right_knee_link
变换矩阵:
[[ 1.         0.         0.         0.007007 ]
 [ 0.         1.         0.        -0.1299596]
 [ 0.         0.         1.        -0.45885  ]
 [ 0.         0.         0.         1.       ]]
--------------------------------------------------------------------------------
关节名称: right_ankle_pitch_joint
子链接: right_ankle_pitch_link
变换矩阵:
[[ 1.         0.         0.         0.007007 ]
 [ 0.         1.         0.        -0.1299596]
 [ 0.         0.         1.        -0.84385  ]
 [ 0.         0.         0.         1.       ]]
--------------------------------------------------------------------------------
关节名称: right_ankle_roll_joint
子链接: right_ankle_roll_link
变换矩阵:
[[ 1.         0.         0.         0.007007 ]
 [ 0.         1.         0.        -0.1299596]
 [ 0.         0.         1.        -0.84385  ]
 [ 0.         0.         0.         1.       ]]
--------------------------------------------------------------------------------
关节名称: contact_foot_center_joint_R
子链接: contact_foot_center_R
变换矩阵:
[[ 1.         0.         0.         0.007007 ]
 [ 0.         1.         0.        -0.1299596]
 [ 0.         0.         1.        -0.90635  ]
 [ 0.         0.         0.         1.       ]]
--------------------------------------------------------------------------------
关节名称: contact_foot_heel_joint_R
子链接: contact_foot_heel_R
变换矩阵:
[[ 1.         0.         0.        -0.098993 ]
 [ 0.         1.         0.        -0.1299596]
 [ 0.         0.         1.        -0.90635  ]
 [ 0.         0.         0.         1.       ]]
--------------------------------------------------------------------------------
关节名称: contact_foot_tip_joint_R
子链接: contact_foot_tip_R
变换矩阵:
[[ 1.         0.         0.         0.161007 ]
 [ 0.         1.         0.        -0.1299596]
 [ 0.         0.         1.        -0.90635  ]
 [ 0.         0.         0.         1.       ]]
--------------------------------------------------------------------------------
关节名称: waist_yaw_joint
子链接: waist_yaw_link
变换矩阵:
[[1.      0.      0.      0.     ]
 [0.      1.      0.      0.     ]
 [0.      0.      1.      0.10239]
 [0.      0.      0.      1.     ]]
--------------------------------------------------------------------------------
关节名称: waist_roll_joint
子链接: waist_roll_link
变换矩阵:
[[1.      0.      0.      0.     ]
 [0.      1.      0.      0.     ]
 [0.      0.      1.      0.15939]
 [0.      0.      0.      1.     ]]
--------------------------------------------------------------------------------
关节名称: waist_pitch_joint
子链接: waist_pitch_link
变换矩阵:
[[1.      0.      0.      0.     ]
 [0.      1.      0.      0.     ]
 [0.      0.      1.      0.15939]
 [0.      0.      0.      1.     ]]
--------------------------------------------------------------------------------
关节名称: left_shoulder_pitch_joint
子链接: left_shoulder_pitch_link
变换矩阵:
[[1.      0.      0.      0.     ]
 [0.      1.      0.      0.1589 ]
 [0.      0.      1.      0.44159]
 [0.      0.      0.      1.     ]]
--------------------------------------------------------------------------------
关节名称: left_shoulder_roll_joint
子链接: left_shoulder_roll_link
变换矩阵:
[[1.      0.      0.      0.     ]
 [0.      1.      0.      0.2139 ]
 [0.      0.      1.      0.44159]
 [0.      0.      0.      1.     ]]
--------------------------------------------------------------------------------
关节名称: left_shoulder_yaw_joint
子链接: left_shoulder_yaw_link
变换矩阵:
[[1.      0.      0.      0.     ]
 [0.      1.      0.      0.2139 ]
 [0.      0.      1.      0.31099]
 [0.      0.      0.      1.     ]]
--------------------------------------------------------------------------------
关节名称: left_elbow_joint
子链接: left_elbow_link
变换矩阵:
[[1.      0.      0.      0.     ]
 [0.      1.      0.      0.2139 ]
 [0.      0.      1.      0.19529]
 [0.      0.      0.      1.     ]]
--------------------------------------------------------------------------------
关节名称: left_wrist_yaw_joint
子链接: left_wrist_yaw_link
变换矩阵:
[[1.      0.      0.      0.     ]
 [0.      1.      0.      0.2149 ]
 [0.      0.      1.      0.07649]
 [0.      0.      0.      1.     ]]
--------------------------------------------------------------------------------
关节名称: left_wrist_pitch_joint
子链接: left_wrist_pitch_link
变换矩阵:
[[1.      0.      0.      0.     ]
 [0.      1.      0.      0.2149 ]
 [0.      0.      1.      0.04229]
 [0.      0.      0.      1.     ]]
--------------------------------------------------------------------------------
关节名称: left_wrist_roll_joint
子链接: left_wrist_roll_link
变换矩阵:
[[ 1.       0.       0.       0.     ]
 [ 0.       1.       0.       0.2149 ]
 [ 0.       0.       1.      -0.02271]
 [ 0.       0.       0.       1.     ]]
--------------------------------------------------------------------------------
关节名称: left_hand_contact_joint
子链接: left_hand_contact
变换矩阵:
[[ 1.       0.       0.       0.     ]
 [ 0.       1.       0.       0.2149 ]
 [ 0.       0.       1.      -0.08071]
 [ 0.       0.       0.       1.     ]]
--------------------------------------------------------------------------------
关节名称: left_hand_manip_joint
子链接: left_hand_manip
变换矩阵:
[[-3.6732051e-06  0.0000000e+00  1.0000000e+00  0.0000000e+00]
 [ 0.0000000e+00  1.0000000e+00  0.0000000e+00  2.1490000e-01]
 [-1.0000000e+00  0.0000000e+00 -3.6732051e-06 -8.0710000e-02]
 [ 0.0000000e+00  0.0000000e+00  0.0000000e+00  1.0000000e+00]]
--------------------------------------------------------------------------------
关节名称: right_shoulder_pitch_joint
子链接: right_shoulder_pitch_link
变换矩阵:
[[ 1.       0.       0.       0.     ]
 [ 0.       1.       0.      -0.1589 ]
 [ 0.       0.       1.       0.44159]
 [ 0.       0.       0.       1.     ]]
--------------------------------------------------------------------------------
关节名称: right_shoulder_roll_joint
子链接: right_shoulder_roll_link
变换矩阵:
[[ 1.       0.       0.       0.     ]
 [ 0.       1.       0.      -0.2139 ]
 [ 0.       0.       1.       0.44159]
 [ 0.       0.       0.       1.     ]]
--------------------------------------------------------------------------------
关节名称: right_shoulder_yaw_joint
子链接: right_shoulder_yaw_link
变换矩阵:
[[ 1.       0.       0.       0.     ]
 [ 0.       1.       0.      -0.2139 ]
 [ 0.       0.       1.       0.31099]
 [ 0.       0.       0.       1.     ]]
--------------------------------------------------------------------------------
关节名称: right_elbow_joint
子链接: right_elbow_link
变换矩阵:
[[ 1.       0.       0.       0.     ]
 [ 0.       1.       0.      -0.2139 ]
 [ 0.       0.       1.       0.19529]
 [ 0.       0.       0.       1.     ]]
--------------------------------------------------------------------------------
关节名称: right_wrist_yaw_joint
子链接: right_wrist_yaw_link
变换矩阵:
[[ 1.       0.       0.       0.     ]
 [ 0.       1.       0.      -0.2149 ]
 [ 0.       0.       1.       0.07649]
 [ 0.       0.       0.       1.     ]]
--------------------------------------------------------------------------------
关节名称: right_wrist_pitch_joint
子链接: right_wrist_pitch_link
变换矩阵:
[[ 1.       0.       0.       0.     ]
 [ 0.       1.       0.      -0.2149 ]
 [ 0.       0.       1.       0.04229]
 [ 0.       0.       0.       1.     ]]
--------------------------------------------------------------------------------
关节名称: right_wrist_roll_joint
子链接: right_wrist_roll_link
变换矩阵:
[[ 1.       0.       0.       0.     ]
 [ 0.       1.       0.      -0.2149 ]
 [ 0.       0.       1.      -0.02271]
 [ 0.       0.       0.       1.     ]]
--------------------------------------------------------------------------------
关节名称: right_hand_contact_joint
子链接: right_hand_contact
变换矩阵:
[[ 1.       0.       0.       0.     ]
 [ 0.       1.       0.      -0.2149 ]
 [ 0.       0.       1.      -0.08071]
 [ 0.       0.       0.       1.     ]]
--------------------------------------------------------------------------------
关节名称: right_hand_manip_joint
子链接: right_hand_manip
变换矩阵:
[[-3.6732051e-06  0.0000000e+00  1.0000000e+00  0.0000000e+00]
 [ 0.0000000e+00  1.0000000e+00  0.0000000e+00 -2.1490000e-01]
 [-1.0000000e+00  0.0000000e+00 -3.6732051e-06 -8.0710000e-02]
 [ 0.0000000e+00  0.0000000e+00  0.0000000e+00  1.0000000e+00]]
--------------------------------------------------------------------------------
关节名称: head_yaw_joint
子链接: head_yaw_link
变换矩阵:
[[ 1.       0.       0.      -0.013  ]
 [ 0.       1.       0.       0.     ]
 [ 0.       0.       1.       0.54759]
 [ 0.       0.       0.       1.     ]]
--------------------------------------------------------------------------------
关节名称: head_pitch_joint
子链接: head_pitch_link
变换矩阵:
[[ 1.       0.       0.      -0.013  ]
 [ 0.       1.       0.       0.     ]
 [ 0.       0.       1.       0.58709]
 [ 0.       0.       0.       1.     ]]
--------------------------------------------------------------------------------
